10	60
53	3	4	7
23	1	4	5
14	4	3	4
93	9	1	1
33	9	4	5
49	3	4	4
6	0	3	6
76	9	1	1
96	3	1	1
46	6	2	3
68	9	1	1
36	8	3	3
76	3	3	5
26	9	4	5
49	6	1	1
15	1	3	4
81	0	2	4
91	6	3	6
42	7	1	2
20	2	3	4
52	2	2	3
100	0	1	2
63	9	3	4
73	2	3	4
33	7	1	2
56	6	1	2
46	8	3	6
95	7	1	2
37	9	3	4
94	6	2	2
69	2	4	6
49	0	4	8
91	4	3	4
15	9	4	7
40	7	1	2
67	7	3	6
63	5	3	5
79	0	2	2
81	0	2	4
29	9	3	6
56	2	2	4
79	5	2	2
71	1	2	3
21	4	3	3
58	8	4	6
16	1	1	2
90	7	3	3
81	1	3	4
52	0	3	5
32	1	1	1
7	4	3	3
38	9	3	4
73	2	3	6
86	5	4	6
66	4	2	2
67	3	2	2
37	1	3	4
19	6	1	1
85	0	2	4
29	3	1	1
946
0	
0	
0	
0	
0	
0	
0	
0	
0	
0	
1	7	
0	
0	
1	10	
1	9	
0	
1	6	
1	14	
0	
0	
0	
0	
3	13	10	7	
0	
0	
1	17	
0	
2	24	18	
4	22	10	4	3	
2	17	9	
1	19	
0	
0	
1	28	
2	27	24	
3	34	27	24	
0	
2	21	16	
0	
4	33	28	10	4	
1	23	
1	36	
1	15	
1	32	
1	26	
2	42	1	
1	34	
2	42	15	
3	31	16	6	
2	42	1	
0	
1	3	
2	23	20	
1	36	
3	43	32	2	
1	12	
1	49	
2	25	14	
2	38	6	
3	55	8	0	
